{
 "cells": [
  {
   "cell_type": "code",
   "execution_count": 1,
   "id": "1d55aa7e",
   "metadata": {},
   "outputs": [],
   "source": [
    "import hydra\n",
    "import wandb\n",
    "import torch\n",
    "from torch.cuda.amp import autocast\n",
    "from torch.cuda.amp import GradScaler\n",
    "import genova\n",
    "import numpy as np\n",
    "import pandas as pd\n",
    "from omegaconf import OmegaConf, open_dict\n",
    "from genova.utils.BasicClass import Residual_seq\n",
    "from torch.utils.data import DataLoader"
   ]
  },
  {
   "cell_type": "code",
   "execution_count": 2,
   "id": "0c0f0bce",
   "metadata": {},
   "outputs": [],
   "source": [
    "hydra.initialize('configs')\n",
    "cfg = hydra.compose('config.yaml')\n",
    "with open_dict(cfg):\n",
    "    cfg.task = 'optimum_path'"
   ]
  },
  {
   "cell_type": "code",
   "execution_count": 3,
   "id": "8ff5bc04",
   "metadata": {},
   "outputs": [],
   "source": [
    "spec_header = pd.read_csv('/home/z37mao/genova_dataset_index.csv',low_memory=False,index_col='Spec Index')\n",
    "#spec_header = spec_header[spec_header['MSGP File Name']=='1_3.msgp']\n",
    "#spec_header = spec_header[spec_header['Node Number']<=512]"
   ]
  },
  {
   "cell_type": "code",
   "execution_count": 4,
   "id": "e68b88c4",
   "metadata": {},
   "outputs": [],
   "source": [
    "model = genova.models.Genova(cfg).to(3)\n",
    "ds = genova.data.GenovaDataset(cfg,spec_header=spec_header,dataset_dir_path='/home/z37mao/')\n",
    "sampler = genova.data.GenovaBatchSampler(cfg,torch.device(3),0.9,spec_header,[0,128,256,512], model)\n",
    "collate_fn = genova.data.GenovaCollator(cfg)\n",
    "dl = DataLoader(ds, batch_sampler=sampler, collate_fn=collate_fn, pin_memory=True, num_workers=2)\n",
    "dl = genova.data.DataPrefetcher(dl,torch.device(3))\n",
    "loss_fn = torch.nn.KLDivLoss(reduction='batchmean')\n",
    "optimizer = torch.optim.Adam(model.parameters(),lr=1e-5)\n",
    "scaler = GradScaler()"
   ]
  },
  {
   "cell_type": "code",
   "execution_count": 5,
   "id": "78cc68a2",
   "metadata": {},
   "outputs": [
    {
     "data": {
      "text/plain": [
       "array([8.        , 3.03389831, 1.06040892])"
      ]
     },
     "execution_count": 5,
     "metadata": {},
     "output_type": "execute_result"
    }
   ],
   "source": [
    "sampler.t_bzs_proportion"
   ]
  },
  {
   "cell_type": "code",
   "execution_count": null,
   "id": "86294217",
   "metadata": {},
   "outputs": [],
   "source": [
    "epochs = 5\n",
    "loss_cum = 0\n",
    "for epoch in range(epochs):\n",
    "    print('new epoch')\n",
    "    for i, batch in enumerate(dl, start=1):\n",
    "        encoder_input, decoder_input, graph_probability, label, label_mask = batch\n",
    "        optimizer.zero_grad()\n",
    "        with autocast():\n",
    "            output = model(encoder_input=encoder_input, decoder_input=decoder_input, graph_probability=graph_probability)\n",
    "            output = output.log_softmax(-1)\n",
    "            loss = loss_fn(output[label_mask],label[label_mask])\n",
    "        #break\n",
    "        loss_cum += loss.item()\n",
    "        if i%100==0:\n",
    "            print(loss_cum/100)\n",
    "            #wandb.log({'loss':loss_cum})\n",
    "            loss_cum = 0\n",
    "        scaler.scale(loss).backward()\n",
    "        scaler.step(optimizer)\n",
    "        scaler.update()"
   ]
  },
  {
   "cell_type": "code",
   "execution_count": null,
   "id": "b66d182c",
   "metadata": {},
   "outputs": [],
   "source": [
    "sample_num = np.zeros(3)\n",
    "sample_count = np.zeros(3)\n",
    "for i, (bsz, index) in enumerate(sampler,start=1):\n",
    "    if i==20000: break\n",
    "    sample_num[index] += bsz\n",
    "    sample_count[index] += 1\n",
    "print(np.round(sample_num/sample_count))"
   ]
  },
  {
   "cell_type": "code",
   "execution_count": null,
   "id": "ae6ab91a",
   "metadata": {},
   "outputs": [],
   "source": [
    "sample_num/sample_count"
   ]
  },
  {
   "cell_type": "code",
   "execution_count": 28,
   "id": "4800d27f",
   "metadata": {},
   "outputs": [
    {
     "name": "stdout",
     "output_type": "stream",
     "text": [
      "[0.56046908 0.35141787 0.08811305]\n",
      "[0.56046995 0.35141842 0.08811162]\n",
      "[0.56047199 0.35141606 0.08811194]\n",
      "[0.56046651 0.35142044 0.08811304]\n",
      "[0.56046884 0.35141775 0.08811341]\n",
      "[0.56046336 0.35142213 0.08811451]\n",
      "[0.56045788 0.35142651 0.08811561]\n",
      "[0.56045992 0.35142415 0.08811593]\n",
      "[0.56046225 0.35142146 0.08811629]\n",
      "[0.56045677 0.35142584 0.08811739]\n",
      "[0.56045881 0.35142348 0.08811771]\n",
      "[0.56046114 0.35142079 0.08811808]\n",
      "[0.56046172 0.35142115 0.08811713]\n",
      "[0.5604623  0.35142152 0.08811618]\n",
      "[0.56046317 0.35142206 0.08811476]\n",
      "[0.56045769 0.35142645 0.08811586]\n",
      "[0.56045973 0.35142409 0.08811618]\n",
      "[0.56046206 0.35142139 0.08811655]\n",
      "[0.56046439 0.3514187  0.08811691]\n",
      "[0.56045891 0.35142308 0.08811801]\n",
      "[0.56046095 0.35142072 0.08811833]\n",
      "[0.56046124 0.3514209  0.08811786]\n",
      "[0.56046153 0.35142108 0.08811739]\n",
      "[0.56045605 0.35142547 0.08811848]\n",
      "[0.56045057 0.35142985 0.08811958]\n",
      "[0.56045261 0.35142749 0.0881199 ]\n",
      "[0.56045494 0.35142479 0.08812027]\n",
      "[0.56044946 0.35142918 0.08812137]\n",
      "[0.56045178 0.35142648 0.08812174]\n",
      "[0.5604463  0.35143086 0.08812283]\n",
      "[0.56044718 0.35143141 0.08812141]\n",
      "[0.5604417  0.35143579 0.08812251]\n",
      "[0.56044403 0.3514331  0.08812288]\n",
      "[0.56044606 0.35143074 0.0881232 ]\n",
      "[0.56044058 0.35143512 0.0881243 ]\n",
      "[0.56044262 0.35143276 0.08812462]\n",
      "[0.56044349 0.35143331 0.0881232 ]\n",
      "[0.56044437 0.35143386 0.08812178]\n",
      "[0.56043889 0.35143824 0.08812287]\n",
      "[0.56044093 0.35143588 0.08812319]\n",
      "[0.56044296 0.35143352 0.08812352]\n",
      "[0.56044529 0.35143083 0.08812388]\n",
      "[0.56044558 0.35143101 0.08812341]\n",
      "[0.56044588 0.35143119 0.08812293]\n",
      "[0.56044821 0.35142849 0.0881233 ]\n",
      "[0.56044272 0.35143288 0.0881244 ]\n",
      "[0.56044476 0.35143052 0.08812472]\n",
      "[0.56043928 0.3514349  0.08812582]\n",
      "[0.56044161 0.3514322  0.08812619]\n",
      "[0.5604419  0.35143239 0.08812571]\n",
      "[0.56044219 0.35143257 0.08812524]\n",
      "[0.56044278 0.35143293 0.08812429]\n",
      "[0.56044481 0.35143058 0.08812461]\n",
      "[0.56044714 0.35142788 0.08812498]\n",
      "[0.56044947 0.35142518 0.08812534]\n",
      "[0.56044399 0.35142957 0.08812644]\n",
      "[0.56044603 0.35142721 0.08812676]\n",
      "[0.5604469  0.35142775 0.08812534]\n",
      "[0.56044778 0.3514283  0.08812392]\n",
      "[0.56044865 0.35142885 0.0881225 ]\n",
      "[0.56045098 0.35142615 0.08812286]\n",
      "[0.5604455  0.35143054 0.08812396]\n",
      "[0.56044002 0.35143492 0.08812506]\n",
      "[0.56044176 0.3514329  0.08812534]\n",
      "[0.56044235 0.35143326 0.08812439]\n",
      "[0.56044409 0.35143124 0.08812466]\n",
      "[0.56044497 0.35143179 0.08812324]\n",
      "[0.56044555 0.35143215 0.08812229]\n",
      "[0.56044788 0.35142946 0.08812266]\n",
      "[0.56044846 0.35142982 0.08812171]\n",
      "[0.56044298 0.35143421 0.08812281]\n",
      "[0.56044356 0.35143457 0.08812186]\n",
      "[0.5604456  0.35143221 0.08812219]\n",
      "[0.56044793 0.35142952 0.08812255]\n",
      "[0.56044245 0.3514339  0.08812365]\n",
      "[0.56044362 0.35143463 0.08812176]\n",
      "[0.56044595 0.35143193 0.08812212]\n",
      "[0.56044624 0.35143212 0.08812165]\n",
      "[0.56044857 0.35142942 0.08812201]\n",
      "[0.56045061 0.35142706 0.08812233]\n",
      "[0.56045294 0.35142436 0.0881227 ]\n",
      "[0.56044745 0.35142875 0.0881238 ]\n",
      "[0.56044978 0.35142605 0.08812417]\n",
      "[0.56045211 0.35142335 0.08812453]\n",
      "[0.56045328 0.35142408 0.08812264]\n",
      "[0.56045357 0.35142427 0.08812216]\n",
      "[0.5604559  0.35142157 0.08812253]\n",
      "[0.56045619 0.35142175 0.08812206]\n",
      "[0.56045707 0.3514223  0.08812063]\n",
      "[0.56045881 0.35142028 0.08812091]\n",
      "[0.56045333 0.35142466 0.08812201]\n",
      "[0.56045566 0.35142196 0.08812237]\n",
      "[0.56045799 0.35141927 0.08812274]\n",
      "[0.56045251 0.35142365 0.08812384]\n",
      "[0.56045484 0.35142095 0.08812421]\n",
      "[0.56045542 0.35142132 0.08812326]\n",
      "[0.56045571 0.3514215  0.08812278]\n",
      "[0.56045659 0.35142205 0.08812136]\n",
      "[0.56045892 0.35141935 0.08812173]\n",
      "[0.56046125 0.35141666 0.0881221 ]\n",
      "[0.56046329 0.3514143  0.08812242]\n",
      "[0.56045963 0.35141722 0.08812315]\n",
      "[0.56045598 0.35142014 0.08812388]\n",
      "[0.56045714 0.35142087 0.08812199]\n",
      "[0.56045772 0.35142124 0.08812104]\n",
      "[0.56046005 0.35141854 0.0881214 ]\n",
      "[0.56045457 0.35142293 0.0881225 ]\n",
      "[0.56045544 0.35142347 0.08812108]\n",
      "[0.56044996 0.35142786 0.08812218]\n",
      "[0.56045229 0.35142516 0.08812255]\n",
      "[0.56045433 0.3514228  0.08812287]\n",
      "[0.56045666 0.3514201  0.08812323]\n",
      "[0.56045695 0.35142029 0.08812276]\n",
      "[0.56045812 0.35142102 0.08812086]\n",
      "[0.56046045 0.35141832 0.08812123]\n",
      "[0.56046132 0.35141887 0.08811981]\n",
      "[0.56046336 0.35141651 0.08812013]\n",
      "[0.56046394 0.35141687 0.08811918]\n",
      "[0.56045846 0.35142126 0.08812028]\n",
      "[0.56046079 0.35141856 0.08812065]\n",
      "[0.56046312 0.35141586 0.08812101]\n",
      "[0.56046429 0.35141659 0.08811912]\n",
      "[0.5604588  0.35142098 0.08812022]\n",
      "[0.56045968 0.35142153 0.0881188 ]\n",
      "[0.56046172 0.35141917 0.08811912]\n",
      "[0.5604623  0.35141953 0.08811817]\n",
      "[0.56046317 0.35142008 0.08811675]\n",
      "[0.56045769 0.35142446 0.08811785]\n",
      "[0.56045221 0.35142885 0.08811894]\n",
      "[0.56045279 0.35142921 0.088118  ]\n",
      "[0.56045366 0.35142976 0.08811657]\n",
      "[0.5604557 0.3514274 0.0881169]\n",
      "[0.560456   0.35142758 0.08811642]\n",
      "[0.56045803 0.35142522 0.08811674]\n",
      "[0.56046007 0.35142286 0.08811706]\n",
      "[0.56046211 0.3514205  0.08811738]\n",
      "[0.56045663 0.35142489 0.08811848]\n",
      "[0.56045692 0.35142507 0.08811801]\n",
      "[0.56045144 0.35142946 0.08811911]\n",
      "[0.56045231 0.35143    0.08811769]\n",
      "[0.5604526  0.35143019 0.08811721]\n",
      "[0.56045348 0.35143073 0.08811579]\n",
      "[0.56045464 0.35143146 0.08811389]\n",
      "[0.56045668 0.3514291  0.08811421]\n",
      "[0.5604512  0.35143349 0.08811531]\n",
      "[0.56044571 0.35143787 0.08811641]\n",
      "[0.56044775 0.35143551 0.08811673]\n",
      "[0.56044227 0.3514399  0.08811783]\n",
      "[0.56044431 0.35143754 0.08811815]\n",
      "[0.56043882 0.35144192 0.08811925]\n",
      "[0.56044086 0.35143956 0.08811957]\n",
      "[0.56043538 0.35144395 0.08812067]\n",
      "[0.56043596 0.35144431 0.08811973]\n",
      "[0.56043713 0.35144504 0.08811783]\n",
      "[0.560438   0.35144559 0.08811641]\n",
      "[0.56043858 0.35144596 0.08811546]\n",
      "[0.56043917 0.35144632 0.08811451]\n",
      "[0.56043368 0.35145071 0.08811561]\n",
      "[0.56043426 0.35145107 0.08811466]\n",
      "[0.56042878 0.35145546 0.08811576]\n",
      "[0.56043111 0.35145276 0.08811613]\n",
      "[0.56042563 0.35145715 0.08811723]\n",
      "[0.56042767 0.35145479 0.08811755]\n",
      "[0.56042854 0.35145534 0.08811613]\n",
      "[0.56043058 0.35145298 0.08811645]\n",
      "[0.56043233 0.35145095 0.08811672]\n",
      "[0.5604332 0.3514515 0.0881153]\n",
      "[0.56043349 0.35145168 0.08811482]\n",
      "[0.56043582 0.35144899 0.08811519]\n",
      "[0.56043612 0.35144917 0.08811472]\n",
      "[0.56043063 0.35145355 0.08811582]\n",
      "[0.56043238 0.35145153 0.08811609]\n",
      "[0.56043413 0.35144951 0.08811637]\n",
      "[0.56043617 0.35144715 0.08811669]\n",
      "[0.56043068 0.35145153 0.08811779]\n",
      "[0.56043272 0.35144917 0.08811811]\n",
      "[0.56043505 0.35144647 0.08811847]\n",
      "[0.56043593 0.35144702 0.08811705]\n",
      "[0.56043826 0.35144432 0.08811742]\n",
      "[0.56043971 0.35144524 0.08811505]\n",
      "[0.56043423 0.35144962 0.08811615]\n",
      "[0.56042874 0.35145401 0.08811725]\n",
      "[0.56043078 0.35145165 0.08811757]\n",
      "[0.5604253  0.35145604 0.08811867]\n",
      "[0.56042588 0.3514564  0.08811772]\n",
      "[0.56042676 0.35145695 0.0881163 ]\n",
      "[0.56042127 0.35146133 0.0881174 ]\n",
      "[0.56042331 0.35145897 0.08811772]\n",
      "[0.56042564 0.35145628 0.08811808]\n",
      "[0.56042681 0.35145701 0.08811619]\n",
      "[0.56042914 0.35145431 0.08811655]\n",
      "[0.56043001 0.35145486 0.08811513]\n",
      "[0.56043089 0.35145541 0.08811371]\n",
      "[0.56043322 0.35145271 0.08811407]\n",
      "[0.56043526 0.35145035 0.0881144 ]\n",
      "[0.56043613 0.3514509  0.08811297]\n",
      "[0.56043817 0.35144853 0.08811329]\n",
      "[0.56043451 0.35145146 0.08811403]\n",
      "[0.56043626 0.35144944 0.0881143 ]\n",
      "[0.56043685 0.3514498  0.08811335]\n",
      "[0.56043889 0.35144744 0.08811367]\n",
      "[0.56044122 0.35144474 0.08811404]\n",
      "[0.56044355 0.35144204 0.08811441]\n",
      "[0.5604453  0.35144002 0.08811468]\n",
      "[0.56044617 0.35144057 0.08811326]\n",
      "[0.56044069 0.35144496 0.08811436]\n",
      "[0.5604352  0.35144934 0.08811546]\n",
      "[0.56042971 0.35145373 0.08811656]\n",
      "[0.56043059 0.35145428 0.08811514]\n",
      "[0.56043234 0.35145225 0.08811541]\n",
      "[0.56043438 0.35144989 0.08811573]\n",
      "[0.56042889 0.35145428 0.08811683]\n",
      "[0.56042947 0.35145464 0.08811588]\n",
      "[0.56043181 0.35145195 0.08811625]\n",
      "[0.56042632 0.35145633 0.08811735]\n",
      "[0.5604269 0.3514567 0.0881164]\n",
      "[0.56042719 0.35145688 0.08811593]\n",
      "[0.56042923 0.35145452 0.08811625]\n",
      "[0.56042982 0.35145488 0.0881153 ]\n",
      "[0.56043186 0.35145252 0.08811562]\n",
      "[0.5604339  0.35145016 0.08811594]\n",
      "[0.56043623 0.35144746 0.08811631]\n",
      "[0.56043074 0.35145185 0.08811741]\n",
      "[0.56043162 0.3514524  0.08811598]\n",
      "[0.56043366 0.35145004 0.0881163 ]\n",
      "[0.56043599 0.35144734 0.08811667]\n",
      "[0.56043715 0.35144807 0.08811477]\n",
      "[0.56043167 0.35145246 0.08811587]\n",
      "[0.56043225 0.35145282 0.08811493]\n",
      "[0.56043429 0.35145046 0.08811525]\n",
      "[0.56043517 0.35145101 0.08811382]\n",
      "[0.56043575 0.35145138 0.08811288]\n",
      "[0.56043662 0.35145192 0.08811145]\n",
      "[0.56043866 0.35144956 0.08811177]\n",
      "[0.56043925 0.35144993 0.08811082]\n",
      "[0.56043376 0.35145432 0.08811192]\n",
      "[0.56043609 0.35145162 0.08811229]\n",
      "[0.56043842 0.35144892 0.08811266]\n",
      "[0.56044046 0.35144656 0.08811298]\n",
      "[0.56043498 0.35145094 0.08811408]\n",
      "[0.56043585 0.35145149 0.08811266]\n",
      "[0.56043789 0.35144913 0.08811298]\n",
      "[0.56043993 0.35144677 0.0881133 ]\n",
      "[0.56043444 0.35145116 0.0881144 ]\n",
      "[0.56043678 0.35144846 0.08811476]\n",
      "[0.56043882 0.3514461  0.08811508]\n",
      "[0.5604394  0.35144646 0.08811414]\n",
      "[0.56044173 0.35144377 0.0881145 ]\n",
      "[0.56044261 0.35144431 0.08811308]\n",
      "[0.56044494 0.35144161 0.08811345]\n",
      "[0.56043945 0.351446   0.08811455]\n",
      "[0.56044178 0.3514433  0.08811491]\n",
      "[0.56044295 0.35144403 0.08811302]\n",
      "[0.56044324 0.35144422 0.08811254]\n",
      "[0.56044528 0.35144186 0.08811286]\n",
      "[0.56043979 0.35144624 0.08811396]\n",
      "[0.56044067 0.35144679 0.08811254]\n",
      "[0.56044271 0.35144443 0.08811286]\n",
      "[0.56044475 0.35144207 0.08811318]\n",
      "[0.56044679 0.35143971 0.0881135 ]\n",
      "[0.56044912 0.35143701 0.08811387]\n",
      "[0.56045087 0.35143498 0.08811414]\n",
      "[0.56045291 0.35143262 0.08811446]\n",
      "[0.56044743 0.35143701 0.08811556]\n",
      "[0.5604483  0.35143756 0.08811414]\n",
      "[0.56044281 0.35144195 0.08811524]\n",
      "[0.5604434  0.35144231 0.08811429]\n",
      "[0.56044544 0.35143995 0.08811461]\n",
      "[0.56044602 0.35144032 0.08811366]\n",
      "[0.56044631 0.3514405  0.08811319]\n"
     ]
    },
    {
     "name": "stdout",
     "output_type": "stream",
     "text": [
      "[0.56044082 0.35144489 0.08811429]\n",
      "[0.5604417  0.35144543 0.08811287]\n",
      "[0.56044345 0.35144341 0.08811314]\n",
      "[0.56043979 0.35144634 0.08811388]\n",
      "[0.56044066 0.35144688 0.08811245]\n",
      "[0.56043518 0.35145127 0.08811355]\n",
      "[0.56043751 0.35144857 0.08811392]\n",
      "[0.56043984 0.35144587 0.08811429]\n",
      "[0.56044188 0.35144351 0.08811461]\n",
      "[0.56044246 0.35144388 0.08811366]\n",
      "[0.56044451 0.35144152 0.08811398]\n",
      "[0.56044655 0.35143915 0.0881143 ]\n",
      "[0.56044713 0.35143952 0.08811335]\n",
      "[0.56044917 0.35143716 0.08811367]\n",
      "[0.56044368 0.35144155 0.08811477]\n",
      "[0.56044427 0.35144191 0.08811382]\n",
      "[0.5604466  0.35143921 0.08811419]\n",
      "[0.56044893 0.35143651 0.08811456]\n",
      "[0.56044344 0.3514409  0.08811566]\n",
      "[0.56044403 0.35144127 0.08811471]\n",
      "[0.56044461 0.35144163 0.08811376]\n",
      "[0.56044665 0.35143927 0.08811408]\n",
      "[0.56044752 0.35143982 0.08811266]\n",
      "[0.56044811 0.35144018 0.08811171]\n",
      "[0.56045015 0.35143782 0.08811203]\n",
      "[0.56045102 0.35143837 0.08811061]\n",
      "[0.56044553 0.35144276 0.08811171]\n",
      "[0.56044758 0.3514404  0.08811203]\n",
      "[0.56044991 0.3514377  0.08811239]\n",
      "[0.56045078 0.35143825 0.08811097]\n",
      "[0.56045312 0.35143555 0.08811134]\n",
      "[0.56045516 0.35143319 0.08811166]\n",
      "[0.56045603 0.35143373 0.08811023]\n",
      "[0.56045054 0.35143812 0.08811134]\n",
      "[0.56045171 0.35143885 0.08810944]\n",
      "[0.56045375 0.35143649 0.08810976]\n",
      "[0.56044826 0.35144088 0.08811086]\n",
      "[0.56044914 0.35144143 0.08810944]\n",
      "[0.56044365 0.35144582 0.08811054]\n",
      "[0.56044598 0.35144312 0.0881109 ]\n",
      "[0.56044802 0.35144075 0.08811122]\n",
      "[0.56044436 0.35144368 0.08811196]\n",
      "[0.5604467  0.35144098 0.08811232]\n",
      "[0.56044728 0.35144135 0.08811137]\n",
      "[0.56044961 0.35143865 0.08811174]\n",
      "[0.56045194 0.35143595 0.08811211]\n",
      "[0.56044646 0.35144034 0.08811321]\n",
      "[0.5604485  0.35143797 0.08811353]\n",
      "[0.56044879 0.35143816 0.08811305]\n",
      "[0.56045112 0.35143546 0.08811342]\n",
      "[0.560452   0.35143601 0.088112  ]\n",
      "[0.56045258 0.35143637 0.08811105]\n",
      "[0.56044709 0.35144076 0.08811215]\n",
      "[0.56044797 0.35144131 0.08811073]\n",
      "[0.56045001 0.35143895 0.08811105]\n",
      "[0.56045234 0.35143625 0.08811141]\n",
      "[0.56045467 0.35143355 0.08811178]\n",
      "[0.56045526 0.35143391 0.08811083]\n",
      "[0.5604573  0.35143155 0.08811115]\n",
      "[0.56045934 0.35142919 0.08811147]\n",
      "[0.56046167 0.35142649 0.08811184]\n",
      "[0.56046225 0.35142685 0.08811089]\n",
      "[0.56046313 0.3514274  0.08810947]\n",
      "[0.56045764 0.35143179 0.08811057]\n",
      "[0.56045215 0.35143618 0.08811167]\n",
      "[0.56045303 0.35143673 0.08811024]\n",
      "[0.56045536 0.35143403 0.08811061]\n",
      "[0.56045711 0.351432   0.08811089]\n",
      "[0.56045769 0.35143237 0.08810994]\n",
      "[0.56046003 0.35142967 0.0881103 ]\n",
      "[0.5604609  0.35143022 0.08810888]\n",
      "[0.56046178 0.35143077 0.08810746]\n",
      "[0.56046265 0.35143132 0.08810603]\n",
      "[0.56046469 0.35142895 0.08810635]\n",
      "[0.56046673 0.35142659 0.08810668]\n",
      "[0.56046124 0.35143098 0.08810778]\n",
      "[0.56046358 0.35142828 0.08810814]\n",
      "[0.56046416 0.35142865 0.08810719]\n",
      "[0.56046445 0.35142883 0.08810672]\n",
      "[0.56046504 0.35142919 0.08810577]\n",
      "[0.56046708 0.35142683 0.08810609]\n",
      "[0.56046941 0.35142413 0.08810646]\n",
      "[0.5604697  0.35142431 0.08810598]\n",
      "[0.56046421 0.3514287  0.08810708]\n",
      "[0.56046655 0.351426   0.08810745]\n",
      "[0.56046859 0.35142364 0.08810777]\n",
      "[0.5604631  0.35142803 0.08810887]\n",
      "[0.56046485 0.35142601 0.08810915]\n",
      "[0.56046572 0.35142655 0.08810772]\n",
      "[0.56046747 0.35142453 0.088108  ]\n",
      "[0.56046806 0.35142489 0.08810705]\n",
      "[0.56046835 0.35142508 0.08810658]\n",
      "[0.56047068 0.35142238 0.08810694]\n",
      "[0.56046519 0.35142677 0.08810804]\n",
      "[0.56046723 0.3514244  0.08810836]\n",
      "[0.56046782 0.35142477 0.08810741]\n",
      "[0.56046811 0.35142495 0.08810694]\n",
      "[0.56047044 0.35142225 0.08810731]\n",
      "[0.56047277 0.35141955 0.08810767]\n",
      "[0.56047452 0.35141753 0.08810795]\n",
      "[0.56047686 0.35141483 0.08810832]\n",
      "[0.56047919 0.35141213 0.08810868]\n",
      "[0.5604737  0.35141652 0.08810978]\n",
      "[0.56046821 0.3514209  0.08811088]\n",
      "[0.56047055 0.3514182  0.08811125]\n",
      "[0.56047288 0.3514155  0.08811162]\n",
      "[0.56047521 0.3514128  0.08811198]\n",
      "[0.56046972 0.35141719 0.08811308]\n",
      "[0.56047206 0.35141449 0.08811345]\n",
      "[0.56047264 0.35141486 0.0881125 ]\n",
      "[0.56047497 0.35141216 0.08811287]\n",
      "[0.56047556 0.35141252 0.08811192]\n",
      "[0.56047614 0.35141289 0.08811097]\n",
      "[0.56047818 0.35141053 0.08811129]\n",
      "[0.56048052 0.35140783 0.08811166]\n",
      "[0.56048227 0.3514058  0.08811193]\n",
      "[0.56048314 0.35140635 0.08811051]\n",
      "[0.56048547 0.35140365 0.08811088]\n",
      "[0.56048752 0.35140129 0.0881112 ]\n",
      "[0.5604881  0.35140165 0.08811025]\n",
      "[0.56048868 0.35140202 0.0881093 ]\n",
      "[0.56049102 0.35139932 0.08810967]\n",
      "[0.56049306 0.35139695 0.08810999]\n",
      "[0.5604951  0.35139459 0.08811031]\n",
      "[0.56049539 0.35139477 0.08810983]\n",
      "[0.56049773 0.35139207 0.0881102 ]\n",
      "[0.5604986  0.35139262 0.08810878]\n",
      "[0.56050035 0.3513906  0.08810905]\n",
      "[0.56049486 0.35139499 0.08811015]\n",
      "[0.5604969  0.35139262 0.08811047]\n",
      "[0.56049895 0.35139026 0.08811079]\n",
      "[0.56049982 0.35139081 0.08810937]\n",
      "[0.56049433 0.3513952  0.08811047]\n",
      "[0.56049666 0.3513925  0.08811084]\n",
      "[0.56049754 0.35139305 0.08810941]\n",
      "[0.56049958 0.35139068 0.08810973]\n",
      "[0.56050162 0.35138832 0.08811006]\n",
      "[0.56049613 0.35139271 0.08811116]\n",
      "[0.56049064 0.3513971  0.08811226]\n",
      "[0.56049123 0.35139746 0.08811131]\n",
      "[0.56049239 0.3513982  0.08810941]\n",
      "[0.5604869  0.35140259 0.08811051]\n",
      "[0.56048141 0.35140698 0.08811161]\n",
      "[0.56047592 0.35141137 0.08811271]\n",
      "[0.56047796 0.351409   0.08811303]\n",
      "[0.5604743  0.35141193 0.08811377]\n",
      "[0.56047664 0.35140923 0.08811413]\n",
      "[0.56047897 0.35140653 0.0881145 ]\n",
      "[0.56048014 0.35140726 0.0881126 ]\n",
      "[0.56048101 0.35140781 0.08811118]\n",
      "[0.56048335 0.35140511 0.08811154]\n",
      "[0.56048568 0.35140241 0.08811191]\n",
      "[0.56048627 0.35140277 0.08811096]\n",
      "[0.56048685 0.35140314 0.08811001]\n",
      "[0.56048918 0.35140044 0.08811038]\n",
      "[0.56049035 0.35140117 0.08810848]\n",
      "[0.56049268 0.35139847 0.08810885]\n",
      "[0.56049473 0.3513961  0.08810917]\n",
      "[0.56049706 0.3513934  0.08810954]\n",
      "[0.5604994 0.3513907 0.0881099]\n",
      "[0.56050027 0.35139125 0.08810848]\n",
      "[0.5605026  0.35138855 0.08810885]\n",
      "[0.56050465 0.35138619 0.08810917]\n",
      "[0.56050669 0.35138382 0.08810949]\n",
      "[0.56050902 0.35138112 0.08810985]\n",
      "[0.56051136 0.35137842 0.08811022]\n",
      "[0.56050587 0.35138281 0.08811132]\n",
      "[0.56050674 0.35138336 0.0881099 ]\n",
      "[0.56050733 0.35138373 0.08810895]\n",
      "[0.56050966 0.35138102 0.08810932]\n",
      "[0.56051083 0.35138176 0.08810742]\n",
      "[0.56051287 0.35137939 0.08810774]\n",
      "[0.5605152  0.35137669 0.08810811]\n",
      "[0.56051725 0.35137433 0.08810843]\n",
      "[0.56051812 0.35137488 0.088107  ]\n",
      "[0.56051871 0.35137524 0.08810605]\n",
      "[0.56051987 0.35137597 0.08810415]\n",
      "[0.56052046 0.35137634 0.0881032 ]\n",
      "[0.5605225  0.35137398 0.08810353]\n",
      "[0.56052337 0.35137452 0.0881021 ]\n",
      "[0.56052571 0.35137182 0.08810247]\n",
      "[0.56052775 0.35136946 0.08810279]\n",
      "[0.5605295  0.35136743 0.08810306]\n",
      "[0.56053154 0.35136507 0.08810339]\n",
      "[0.56053242 0.35136562 0.08810196]\n",
      "[0.56052876 0.35136855 0.0881027 ]\n",
      "[0.56052905 0.35136873 0.08810222]\n",
      "[0.56052356 0.35137312 0.08810332]\n",
      "[0.56052531 0.35137109 0.0881036 ]\n",
      "[0.56051982 0.35137548 0.0881047 ]\n",
      "[0.56051433 0.35137987 0.0881058 ]\n",
      "[0.56051462 0.35138006 0.08810532]\n",
      "[0.56050913 0.35138445 0.08810642]\n",
      "[0.56051088 0.35138242 0.0881067 ]\n",
      "[0.56051322 0.35137972 0.08810707]\n",
      "[0.5605138  0.35138008 0.08810612]\n",
      "[0.56051438 0.35138045 0.08810517]\n",
      "[0.56050889 0.35138484 0.08810627]\n",
      "[0.56051093 0.35138248 0.08810659]\n",
      "[0.56051152 0.35138284 0.08810564]\n",
      "[0.56051385 0.35138014 0.08810601]\n",
      "[0.56050836 0.35138453 0.08810711]\n",
      "[0.56050287 0.35138892 0.08810821]\n",
      "[0.56050316 0.35138911 0.08810773]\n",
      "[0.5605052  0.35138674 0.08810805]\n",
      "[0.5605055  0.35138692 0.08810758]\n",
      "[0.56050608 0.35138729 0.08810663]\n",
      "[0.56050841 0.35138459 0.088107  ]\n",
      "[0.56050292 0.35138898 0.0881081 ]\n",
      "[0.56050496 0.35138662 0.08810842]\n",
      "[0.56050555 0.35138698 0.08810747]\n",
      "[0.56050584 0.35138716 0.088107  ]\n",
      "[0.56050759 0.35138514 0.08810727]\n",
      "[0.56050934 0.35138311 0.08810755]\n",
      "[0.56051022 0.35138366 0.08810612]\n",
      "[0.56051138 0.35138439 0.08810422]\n",
      "[0.56051197 0.35138476 0.08810327]\n",
      "[0.5605143  0.35138206 0.08810364]\n",
      "[0.56050881 0.35138645 0.08810474]\n",
      "[0.56051115 0.35138375 0.08810511]\n",
      "[0.56050565 0.35138814 0.08810621]\n",
      "[0.56050799 0.35138544 0.08810658]\n",
      "[0.56051032 0.35138273 0.08810694]\n",
      "[0.56051266 0.35138003 0.08810731]\n",
      "[0.56051324 0.3513804  0.08810636]\n",
      "[0.56051558 0.3513777  0.08810673]\n",
      "[0.56051762 0.35137533 0.08810705]\n",
      "[0.5605182 0.3513757 0.0881061]\n",
      "[0.56051879 0.35137606 0.08810515]\n",
      "[0.5605133  0.35138045 0.08810625]\n",
      "[0.56051563 0.35137775 0.08810662]\n",
      "[0.56051797 0.35137505 0.08810698]\n",
      "[0.56052001 0.35137269 0.08810731]\n",
      "[0.56051452 0.35137708 0.08810841]\n",
      "[0.56051685 0.35137438 0.08810877]\n",
      "[0.56051773 0.35137492 0.08810735]\n",
      "[0.56051802 0.35137511 0.08810687]\n",
      "[0.56052035 0.35137241 0.08810724]\n",
      "[0.56052094 0.35137277 0.08810629]\n",
      "[0.56052152 0.35137314 0.08810534]\n",
      "[0.56051786 0.35137607 0.08810608]\n",
      "[0.56051815 0.35137625 0.0881056 ]\n",
      "[0.56052049 0.35137355 0.08810597]\n",
      "[0.56052078 0.35137373 0.08810549]\n",
      "[0.56052253 0.3513717  0.08810577]\n",
      "[0.56051704 0.35137609 0.08810687]\n",
      "[0.56051762 0.35137646 0.08810592]\n",
      "[0.56051213 0.35138085 0.08810702]\n",
      "[0.56051271 0.35138122 0.08810607]\n",
      "[0.56051505 0.35137852 0.08810644]\n",
      "[0.56051592 0.35137906 0.08810501]\n",
      "[0.56051826 0.35137636 0.08810538]\n",
      "[0.56051884 0.35137673 0.08810443]\n",
      "[0.56052088 0.35137436 0.08810475]\n",
      "[0.56051539 0.35137875 0.08810585]\n",
      "[0.56051744 0.35137639 0.08810617]\n",
      "[0.56051948 0.35137403 0.0881065 ]\n",
      "[0.56051399 0.35137842 0.0881076 ]\n",
      "[0.56051574 0.35137639 0.08810787]\n",
      "[0.56051778 0.35137403 0.08810819]\n",
      "[0.56051836 0.35137439 0.08810724]\n",
      "[0.56051866 0.35137458 0.08810677]\n",
      "[0.56051895 0.35137476 0.08810629]\n",
      "[0.56052099 0.35137239 0.08810661]\n",
      "[0.56052333 0.35136969 0.08810698]\n",
      "[0.56052566 0.35136699 0.08810735]\n",
      "[0.56052625 0.35136736 0.0881064 ]\n",
      "[0.56052683 0.35136772 0.08810545]\n",
      "[0.56052134 0.35137211 0.08810655]\n",
      "[0.56051584 0.3513765  0.08810765]\n",
      "[0.56051035 0.3513809  0.08810875]\n",
      "[0.56050486 0.35138529 0.08810985]\n",
      "[0.5605069  0.35138292 0.08811018]\n",
      "[0.56050894 0.35138056 0.0881105 ]\n",
      "[0.56051099 0.35137819 0.08811082]\n",
      "[0.56050732 0.35138112 0.08811155]\n",
      "[0.56050966 0.35137842 0.08811192]\n",
      "[0.5605117  0.35137606 0.08811224]\n",
      "[0.56051375 0.35137369 0.08811256]\n",
      "[0.56051608 0.35137099 0.08811293]\n",
      "[0.56051059 0.35137538 0.08811403]\n",
      "[0.56051263 0.35137302 0.08811435]\n",
      "[0.56051322 0.35137338 0.0881134 ]\n",
      "[0.56050772 0.35137777 0.0881145 ]\n",
      "[0.56050831 0.35137814 0.08811355]\n",
      "[0.56050889 0.35137851 0.0881126 ]\n",
      "[0.56051123 0.3513758  0.08811297]\n",
      "[0.56051356 0.3513731  0.08811334]\n",
      "[0.56051385 0.35137328 0.08811286]\n",
      "[0.56050836 0.35137768 0.08811396]\n",
      "[0.56050865 0.35137786 0.08811349]\n",
      "[0.56051099 0.35137516 0.08811386]\n",
      "[0.56051186 0.35137571 0.08811243]\n",
      "[0.56051361 0.35137368 0.08811271]\n",
      "[0.56050812 0.35137807 0.08811381]\n",
      "[0.56051016 0.35137571 0.08811413]\n",
      "[0.56051075 0.35137607 0.08811318]\n",
      "[0.56050525 0.35138046 0.08811428]\n",
      "[0.56049976 0.35138486 0.08811538]\n",
      "[0.5605021  0.35138215 0.08811575]\n",
      "[0.56050414 0.35137979 0.08811607]\n",
      "[0.56050618 0.35137742 0.08811639]\n",
      "[0.56050677 0.35137779 0.08811544]\n",
      "[0.56050764 0.35137834 0.08811402]\n",
      "[0.56050998 0.35137564 0.08811438]\n",
      "[0.56051231 0.35137293 0.08811475]\n",
      "[0.56051319 0.35137348 0.08811333]\n",
      "[0.56051523 0.35137112 0.08811365]\n",
      "[0.56051611 0.35137167 0.08811222]\n",
      "[0.56051786 0.35136964 0.0881125 ]\n",
      "[0.56051237 0.35137403 0.0881136 ]\n",
      "[0.5605147  0.35137133 0.08811397]\n",
      "[0.560515   0.35137151 0.08811349]\n",
      "[0.56051558 0.35137188 0.08811254]\n",
      "[0.56051733 0.35136985 0.08811282]\n",
      "[0.56051967 0.35136715 0.08811318]\n",
      "[0.56052054 0.3513677  0.08811176]\n",
      "[0.56052288 0.35136499 0.08811213]\n",
      "[0.56052492 0.35136263 0.08811245]\n",
      "[0.56052726 0.35135993 0.08811282]\n",
      "[0.56052959 0.35135722 0.08811318]\n",
      "[0.56053047 0.35135777 0.08811176]\n",
      "[0.56052498 0.35136216 0.08811286]\n",
      "[0.56052702 0.3513598  0.08811318]\n",
      "[0.56052731 0.35135998 0.08811271]\n",
      "[0.56052819 0.35136053 0.08811128]\n",
      "[0.56052994 0.3513585  0.08811156]\n",
      "[0.56053169 0.35135648 0.08811183]\n",
      "[0.56053198 0.35135666 0.08811136]\n",
      "[0.56053228 0.35135684 0.08811088]\n",
      "[0.56053315 0.35135739 0.08810946]\n",
      "[0.56053549 0.35135469 0.08810982]\n",
      "[0.56053753 0.35135232 0.08811014]\n",
      "[0.56053958 0.35134996 0.08811047]\n",
      "[0.56054016 0.35135032 0.08810952]\n",
      "[0.56053467 0.35135472 0.08811062]\n",
      "[0.56053496 0.3513549  0.08811014]\n",
      "[0.56053554 0.35135527 0.08810919]\n",
      "[0.56053613 0.35135563 0.08810824]\n",
      "[0.56053063 0.35136002 0.08810934]\n",
      "[0.56052514 0.35136442 0.08811045]\n",
      "[0.56051964 0.35136881 0.08811155]\n",
      "[0.56052139 0.35136678 0.08811182]\n",
      "[0.56052227 0.35136733 0.0881104 ]\n",
      "[0.56052315 0.35136788 0.08810897]\n",
      "[0.56052548 0.35136518 0.08810934]\n",
      "[0.56052182 0.35136811 0.08811007]\n",
      "[0.56052386 0.35136574 0.0881104 ]\n",
      "[0.56052445 0.35136611 0.08810944]\n",
      "[0.56052532 0.35136666 0.08810802]\n",
      "[0.5605262  0.35136721 0.08810659]\n",
      "[0.5605207 0.3513716 0.0881077]\n",
      "[0.56052187 0.35137233 0.0881058 ]\n",
      "[0.56052421 0.35136963 0.08810616]\n",
      "[0.56052654 0.35136693 0.08810653]\n",
      "[0.56052888 0.35136422 0.0881069 ]\n",
      "[0.56053005 0.35136495 0.088105  ]\n",
      "[0.56053209 0.35136259 0.08810532]\n",
      "[0.56053443 0.35135988 0.08810569]\n",
      "[0.56053647 0.35135752 0.08810601]\n",
      "[0.56053823 0.35135549 0.08810628]\n",
      "[0.56054027 0.35135313 0.0881066 ]\n",
      "[0.56054232 0.35135076 0.08810692]\n",
      "[0.56054348 0.35135149 0.08810502]\n",
      "[0.56054553 0.35134913 0.08810535]\n",
      "[0.5605464  0.35134968 0.08810392]\n",
      "[0.56054874 0.35134697 0.08810429]\n",
      "[0.56054325 0.35135137 0.08810539]\n",
      "[0.56053775 0.35135576 0.08810649]\n",
      "[0.56053225 0.35136015 0.08810759]\n",
      "[0.56053459 0.35135745 0.08810796]\n",
      "[0.56053517 0.35135782 0.08810701]\n",
      "[0.56053722 0.35135545 0.08810733]\n",
      "[0.56053751 0.35135563 0.08810686]\n",
      "[0.56053839 0.35135618 0.08810543]\n",
      "[0.56054043 0.35135382 0.08810575]\n",
      "[0.56054248 0.35135145 0.08810607]\n",
      "[0.56054306 0.35135182 0.08810512]\n",
      "[0.56054364 0.35135218 0.08810417]\n",
      "[0.56054423 0.35135255 0.08810322]\n",
      "[0.56053873 0.35135694 0.08810432]\n",
      "[0.56053961 0.35135749 0.0881029 ]\n",
      "[0.56054165 0.35135513 0.08810322]\n",
      "[0.56054224 0.35135549 0.08810227]\n",
      "[0.56053857 0.35135842 0.088103  ]\n",
      "[0.56054091 0.35135572 0.08810337]\n",
      "[0.56054325 0.35135301 0.08810374]\n",
      "[0.56054529 0.35135065 0.08810406]\n",
      "[0.56054588 0.35135101 0.08810311]\n",
      "[0.56054821 0.35134831 0.08810348]\n",
      "[0.56055055 0.35134561 0.08810384]\n",
      "[0.56055259 0.35134324 0.08810417]\n",
      "[0.5605471  0.35134763 0.08810527]\n",
      "[0.5605416  0.35135203 0.08810637]\n",
      "[0.5605419  0.35135221 0.08810589]\n",
      "[0.56054248 0.35135258 0.08810494]\n",
      "[0.56054452 0.35135021 0.08810527]\n",
      "[0.56054511 0.35135058 0.08810432]\n",
      "[0.56054744 0.35134787 0.08810468]\n",
      "[0.56054774 0.35134806 0.08810421]\n",
      "[0.56055007 0.35134535 0.08810457]\n",
      "[0.56055212 0.35134299 0.0881049 ]\n",
      "[0.56055416 0.35134062 0.08810522]\n",
      "[0.56054867 0.35134501 0.08810632]\n",
      "[0.560551   0.35134231 0.08810669]\n",
      "[0.56054551 0.3513467  0.08810779]\n",
      "[0.56054784 0.351344   0.08810816]\n",
      "[0.56054235 0.35134839 0.08810926]\n",
      "[0.56054323 0.35134894 0.08810783]\n",
      "[0.56053773 0.35135334 0.08810893]\n",
      "[0.56053223 0.35135773 0.08811004]\n",
      "[0.56053428 0.35135537 0.08811036]\n",
      "[0.56053632 0.351353   0.08811068]\n",
      "[0.56053691 0.35135337 0.08810973]\n",
      "[0.5605372  0.35135355 0.08810925]\n",
      "[0.56053954 0.35135084 0.08810962]\n",
      "[0.56054187 0.35134814 0.08810999]\n",
      "[0.56054246 0.35134851 0.08810904]\n",
      "[0.56054304 0.35134887 0.08810809]\n",
      "[0.56054392 0.35134942 0.08810666]\n",
      "[0.5605445  0.35134979 0.08810571]\n",
      "[0.56054509 0.35135015 0.08810476]\n",
      "[0.56054596 0.3513507  0.08810333]\n",
      "[0.56054771 0.35134868 0.08810361]\n",
      "[0.56054976 0.35134631 0.08810393]\n",
      "[0.56055034 0.35134668 0.08810298]\n",
      "[0.56055268 0.35134397 0.08810335]\n",
      "[0.56055473 0.3513416  0.08810367]\n",
      "[0.56055706 0.3513389  0.08810404]\n",
      "[0.5605594 0.3513362 0.0881044]\n",
      "[0.56055998 0.35133656 0.08810345]\n",
      "[0.56056028 0.35133674 0.08810298]\n",
      "[0.56055478 0.35134114 0.08810408]\n",
      "[0.56055536 0.35134151 0.08810313]\n",
      "[0.56055566 0.35134169 0.08810265]\n",
      "[0.5605577  0.35133932 0.08810298]\n",
      "[0.56055975 0.35133696 0.0881033 ]\n",
      "[0.5605615  0.35133493 0.08810357]\n",
      "[0.560556   0.35133932 0.08810468]\n",
      "[0.5605563 0.3513395 0.0881042]\n",
      "[0.56055659 0.35133969 0.08810372]\n",
      "[0.56055834 0.35133766 0.088104  ]\n",
      "[0.56055892 0.35133803 0.08810305]\n",
      "[0.56055922 0.35133821 0.08810257]\n",
      "[0.56055372 0.3513426  0.08810368]\n",
      "[0.56055401 0.35134279 0.0881032 ]\n",
      "[0.56055635 0.35134008 0.08810357]\n",
      "[0.56055085 0.35134448 0.08810467]\n",
      "[0.5605529  0.35134211 0.08810499]\n",
      "[0.5605474  0.35134651 0.08810609]\n",
      "[0.56054828 0.35134705 0.08810467]\n",
      "[0.56055061 0.35134435 0.08810504]\n",
      "[0.56055266 0.35134198 0.08810536]\n",
      "[0.56054716 0.35134638 0.08810646]\n",
      "[0.56054775 0.35134674 0.08810551]\n",
      "[0.56054862 0.35134729 0.08810408]\n",
      "[0.56054313 0.35135169 0.08810518]\n",
      "[0.560544   0.35135224 0.08810376]\n",
      "[0.56054605 0.35134987 0.08810408]\n",
      "[0.56054838 0.35134717 0.08810445]\n",
      "[0.56054289 0.35135156 0.08810555]\n",
      "[0.56054522 0.35134886 0.08810592]\n",
      "[0.56054727 0.35134649 0.08810624]\n",
      "[0.56054815 0.35134704 0.08810481]\n",
      "[0.56054265 0.35135144 0.08810592]\n",
      "[0.56054353 0.35135199 0.08810449]\n",
      "[0.56054557 0.35134962 0.08810481]\n",
      "[0.56054762 0.35134725 0.08810513]\n",
      "[0.56054995 0.35134455 0.0881055 ]\n",
      "[0.56055229 0.35134184 0.08810587]\n",
      "[0.56054679 0.35134624 0.08810697]\n",
      "[0.56054884 0.35134387 0.08810729]\n",
      "[0.56055088 0.3513415  0.08810761]\n",
      "[0.56055147 0.35134187 0.08810666]\n",
      "[0.56055235 0.35134242 0.08810524]\n",
      "[0.56055293 0.35134279 0.08810428]\n",
      "[0.56055351 0.35134315 0.08810333]\n",
      "[0.56054802 0.35134755 0.08810444]\n"
     ]
    },
    {
     "name": "stdout",
     "output_type": "stream",
     "text": [
      "[0.56055035 0.35134484 0.0881048 ]\n",
      "[0.5605524  0.35134248 0.08810513]\n",
      "[0.56055474 0.35133977 0.08810549]\n",
      "[0.56055532 0.35134014 0.08810454]\n",
      "[0.56055766 0.35133743 0.08810491]\n",
      "[0.5605597  0.35133506 0.08810523]\n",
      "[0.56056204 0.35133236 0.0881056 ]\n",
      "[0.56056409 0.35132999 0.08810592]\n",
      "[0.56055859 0.35133439 0.08810702]\n",
      "[0.56056034 0.35133236 0.0881073 ]\n",
      "[0.56056268 0.35132965 0.08810767]\n",
      "[0.56055718 0.35133405 0.08810877]\n",
      "[0.56055952 0.35133134 0.08810913]\n",
      "[0.5605604  0.35133189 0.08810771]\n",
      "[0.56056244 0.35132953 0.08810803]\n",
      "[0.56056449 0.35132716 0.08810835]\n",
      "[0.56056683 0.35132445 0.08810872]\n",
      "[0.56056916 0.35132175 0.08810909]\n",
      "[0.56057121 0.35131938 0.08810941]\n",
      "[0.56057179 0.35131975 0.08810846]\n",
      "[0.5605663  0.35132414 0.08810956]\n",
      "[0.5605608  0.35132854 0.08811066]\n",
      "[0.56056109 0.35132872 0.08811019]\n",
      "[0.56055559 0.35133312 0.08811129]\n",
      "[0.56055009 0.35133751 0.08811239]\n",
      "[0.56055214 0.35133515 0.08811271]\n",
